box1M.in
2
33
-0.499998 -0.458872
-0.499995 -0.409504
-0.499993 -0.379372
-0.499976 -0.096809
-0.499961 0.150598
-0.499941 0.484769
-0.499941 0.490130
-0.499822 0.498689
-0.499048 0.499893
-0.461445 0.499997
-0.444249 0.499999
0.012406 0.499999
0.212382 0.499998
0.488398 0.499991
0.497204 0.499874
0.499107 0.499660
0.500000 0.499092
0.499981 0.186577
0.499954 -0.267947
0.499946 -0.410582
0.499944 -0.436057
0.499882 -0.483468
0.499822 -0.497053
0.499405 -0.498641
0.497501 -0.499991
0.067323 -0.499999
-0.032814 -0.500000
-0.437764 -0.499996
-0.488100 -0.499990
-0.499405 -0.499896
-0.499762 -0.492570
-0.499940 -0.488755
-0.499998 -0.458872
