circ1k.in
2
1001
-0.499984 0.003968
-0.499972 0.005288
-0.499846 0.012413
-0.499763 0.015401
-0.499752 0.015749
-0.499724 0.016604
-0.499385 0.024786
-0.499159 0.028992
-0.499110 0.029816
-0.498860 0.033744
-0.498645 0.036787
-0.498280 0.041434
-0.498077 0.043813
-0.497781 0.047056
-0.497185 0.052983
-0.496926 0.055361
-0.496488 0.059158
-0.496476 0.059262
-0.496286 0.060833
-0.495810 0.064593
-0.495776 0.064852
-0.495776 0.064858
-0.494457 0.074247
-0.493784 0.078597
-0.493099 0.082786
-0.491072 0.094066
-0.490932 0.094796
-0.489021 0.104202
-0.487946 0.109126
-0.487384 0.111611
-0.486148 0.116878
-0.485751 0.118515
-0.485467 0.119673
-0.484244 0.124531
-0.484155 0.124877
-0.478323 0.145627
-0.477393 0.148646
-0.475828 0.153584
-0.473039 0.161970
-0.469228 0.172700
-0.466179 0.180769
-0.465889 0.181516
-0.465433 0.182680
-0.464237 0.185698
-0.463481 0.187578
-0.463403 0.187770
-0.461483 0.192441
-0.458345 0.199800
-0.456765 0.203386
-0.455853 0.205422
-0.453524 0.210514
-0.453239 0.211127
-0.453001 0.211637
-0.452484 0.212739
-0.452318 0.213094
-0.451431 0.214965
-0.451329 0.215180
-0.450358 0.217204
-0.448346 0.221328
-0.447741 0.222549
-0.444546 0.228865
-0.439801 0.237856
-0.439606 0.238216
-0.437076 0.242826
-0.431376 0.252814
-0.431147 0.253203
-0.430073 0.255024
-0.429484 0.256015
-0.427691 0.258998
-0.425971 0.261818
-0.425630 0.262371
-0.421984 0.268197
-0.420819 0.270021
-0.419472 0.272109
-0.415567 0.278036
-0.415161 0.278643
-0.415048 0.278810
-0.413115 0.281667
-0.413039 0.281779
-0.408769 0.287937
-0.408496 0.288324
-0.408072 0.288924
-0.407675 0.289484
-0.406766 0.290759
-0.405488 0.292540
-0.404231 0.294275
-0.403239 0.295632
-0.402490 0.296651
-0.401285 0.298279
-0.399413 0.300781
-0.397784 0.302932
-0.396170 0.305040
-0.394658 0.306994
-0.389145 0.313952
-0.388355 0.314929
-0.387719 0.315712
-0.385088 0.318915
-0.383045 0.321367
-0.382999 0.321421
-0.382848 0.321601
-0.379849 0.325138
-0.375641 0.329991
-0.375381 0.330287
-0.373897 0.331965
-0.373142 0.332814
-0.370894 0.335317
-0.370439 0.335820
-0.365361 0.341337
-0.361392 0.345537
-0.359726 0.347272
-0.358493 0.348544
-0.355245 0.351854
-0.355137 0.351963
-0.354977 0.352124
-0.354371 0.352734
-0.353357 0.353749
-0.352983 0.354123
-0.351409 0.355685
-0.348759 0.358284
-0.348605 0.358433
-0.346069 0.360883
-0.345735 0.361203
-0.341776 0.364951
-0.340124 0.366491
-0.339199 0.367347
-0.338093 0.368366
-0.337442 0.368962
-0.335487 0.370740
-0.333517 0.372514
-0.327259 0.378023
-0.325666 0.379396
-0.324503 0.380392
-0.316452 0.387115
-0.310933 0.391562
-0.308234 0.393690
-0.305382 0.395907
-0.303112 0.397647
-0.302737 0.397933
-0.302598 0.398039
-0.298851 0.400859
-0.297714 0.401705
-0.297290 0.402018
-0.296865 0.402332
-0.291411 0.406300
-0.288535 0.408347
-0.288109 0.408648
-0.287322 0.409202
-0.286865 0.409522
-0.284976 0.410839
-0.284063 0.411471
-0.280657 0.413801
-0.279429 0.414632
-0.278302 0.415389
-0.275847 0.417024
-0.272176 0.419429
-0.271361 0.419956
-0.270906 0.420250
-0.269647 0.421059
-0.267892 0.422177
-0.266898 0.422807
-0.264400 0.424373
-0.262063 0.425821
-0.260820 0.426583
-0.258478 0.428006
-0.257322 0.428702
-0.253887 0.430745
-0.253873 0.430753
-0.248588 0.433825
-0.248449 0.433904
-0.246858 0.434812
-0.246775 0.434859
-0.246645 0.434933
-0.242908 0.437031
-0.228732 0.444614
-0.228013 0.444983
-0.223635 0.447200
-0.222780 0.447626
-0.222506 0.447762
-0.222469 0.447781
-0.218541 0.449711
-0.212678 0.452513
-0.208634 0.454392
-0.206001 0.455592
-0.205841 0.455664
-0.203150 0.456870
-0.200786 0.457914
-0.187893 0.463353
-0.184430 0.464742
-0.183362 0.465165
-0.181520 0.465887
-0.179268 0.466758
-0.175541 0.468172
-0.172899 0.469154
-0.170750 0.469941
-0.170126 0.470167
-0.169663 0.470334
-0.165156 0.471936
-0.164689 0.472099
-0.164564 0.472143
-0.162692 0.472791
-0.159036 0.474033
-0.158417 0.474241
-0.157812 0.474442
-0.153331 0.475909
-0.141899 0.479442
-0.140607 0.479823
-0.136925 0.480886
-0.134353 0.481611
-0.132969 0.481995
-0.129123 0.483039
-0.128660 0.483163
-0.127083 0.483580
-0.123670 0.484464
-0.123547 0.484496
-0.120480 0.485267
-0.119343 0.485548
-0.118594 0.485732
-0.118232 0.485820
-0.117096 0.486095
-0.114898 0.486619
-0.105272 0.488792
-0.105143 0.488820
-0.104885 0.488875
-0.103615 0.489146
-0.100390 0.489818
-0.094235 0.491039
-0.093766 0.491129
-0.089656 0.491896
-0.089628 0.491901
-0.084228 0.492855
-0.083745 0.492937
-0.083664 0.492951
-0.081947 0.493239
-0.078896 0.493736
-0.078289 0.493833
-0.073929 0.494504
-0.072593 0.494702
-0.052539 0.497232
-0.052260 0.497261
-0.046375 0.497845
-0.040864 0.498327
-0.039792 0.498414
-0.036872 0.498639
-0.029812 0.499110
-0.022722 0.499483
-0.020665 0.499573
-0.016763 0.499719
-0.012906 0.499833
-0.010959 0.499880
-0.010424 0.499891
-0.001808 0.499997
0.006868 0.499953
0.018543 0.499656
0.019292 0.499628
0.020496 0.499580
0.020878 0.499564
0.027004 0.499270
0.031112 0.499031
0.032778 0.498924
0.032825 0.498921
0.035105 0.498766
0.036705 0.498651
0.042104 0.498224
0.044812 0.497988
0.052789 0.497205
0.063331 0.495973
0.064909 0.495769
0.067365 0.495441
0.071566 0.494852
0.075795 0.494222
0.076716 0.494080
0.087228 0.492333
0.090172 0.491802
0.094381 0.491011
0.104325 0.488995
0.104581 0.488940
0.105296 0.488787
0.106081 0.488617
0.124926 0.484142
0.126830 0.483647
0.128323 0.483253
0.132074 0.482241
0.137627 0.480686
0.137664 0.480675
0.144118 0.478780
0.156296 0.474944
0.156406 0.474908
0.156660 0.474824
0.156928 0.474735
0.161395 0.473235
0.162933 0.472708
0.163317 0.472575
0.171685 0.469600
0.177985 0.467249
0.183576 0.465080
0.184921 0.464547
0.187382 0.463560
0.190655 0.462224
0.202459 0.457176
0.205840 0.455664
0.209211 0.454126
0.213045 0.452340
0.213458 0.452146
0.214075 0.451854
0.215244 0.451298
0.217140 0.450389
0.217691 0.450123
0.221557 0.448232
0.223492 0.447271
0.224768 0.446631
0.227743 0.445121
0.229666 0.444133
0.232431 0.442691
0.232997 0.442394
0.236592 0.440482
0.239090 0.439131
0.241955 0.437559
0.242525 0.437243
0.245001 0.435861
0.246982 0.434741
0.247468 0.434464
0.247490 0.434452
0.248379 0.433944
0.249326 0.433401
0.251845 0.431942
0.254780 0.430218
0.254900 0.430147
0.257418 0.428644
0.265638 0.423599
0.269631 0.421069
0.269929 0.420878
0.273823 0.418355
0.278144 0.415495
0.283096 0.412137
0.290876 0.406683
0.291745 0.406060
0.292954 0.405189
0.294627 0.403974
0.296816 0.402369
0.297645 0.401755
0.298450 0.401158
0.299296 0.400527
0.303599 0.397275
0.306439 0.395089
0.306939 0.394700
0.308188 0.393726
0.309373 0.392796
0.313320 0.389655
0.314554 0.388659
0.314702 0.388540
0.315346 0.388017
0.315487 0.387902
0.319705 0.384433
0.319747 0.384398
0.321648 0.382808
0.321830 0.382656
0.324074 0.380757
0.327582 0.377744
0.328283 0.377134
0.334616 0.371527
0.334923 0.371250
0.337044 0.369326
0.337358 0.369039
0.340957 0.365717
0.341296 0.365400
0.342641 0.364138
0.342673 0.364109
0.343678 0.363160
0.345348 0.361573
0.346783 0.360196
0.348600 0.358439
0.351873 0.355226
0.352279 0.354823
0.354342 0.352763
0.354849 0.352253
0.360773 0.346183
0.360886 0.346066
0.361675 0.345241
0.362304 0.344581
0.365241 0.341466
0.366231 0.340404
0.367152 0.339411
0.368956 0.337448
0.369539 0.336810
0.371356 0.334806
0.372602 0.333418
0.373001 0.332972
0.374521 0.331261
0.375641 0.329991
0.375882 0.329716
0.376931 0.328516
0.377503 0.327859
0.379514 0.325529
0.380616 0.324240
0.381226 0.323522
0.382936 0.321496
0.390494 0.312274
0.391904 0.310501
0.398458 0.302045
0.399113 0.301179
0.400745 0.299003
0.404987 0.293233
0.406613 0.290973
0.407206 0.290143
0.407395 0.289878
0.407425 0.289836
0.407695 0.289457
0.408271 0.288643
0.408415 0.288440
0.411674 0.283769
0.413505 0.281093
0.414483 0.279649
0.414763 0.279234
0.414974 0.278921
0.415178 0.278616
0.417970 0.274410
0.419258 0.272439
0.420580 0.270392
0.423780 0.265349
0.425910 0.261917
0.428291 0.258005
0.428613 0.257470
0.428969 0.256877
0.429278 0.256360
0.429903 0.255310
0.432884 0.250223
0.433636 0.248917
0.433637 0.248916
0.434494 0.247417
0.436076 0.244618
0.436269 0.244273
0.437129 0.242731
0.443013 0.231818
0.443274 0.231318
0.443936 0.230045
0.444644 0.228675
0.446611 0.224807
0.448322 0.221377
0.448565 0.220883
0.448804 0.220397
0.449515 0.218944
0.451197 0.215457
0.451337 0.215162
0.452597 0.212500
0.454463 0.208478
0.456673 0.203592
0.458004 0.200579
0.459504 0.197118
0.460333 0.195176
0.460352 0.195131
0.462955 0.188872
0.465966 0.181316
0.466284 0.180497
0.468070 0.175814
0.468917 0.173543
0.473006 0.162067
0.474102 0.158831
0.474638 0.157223
0.474815 0.156686
0.477264 0.149060
0.477614 0.147936
0.477941 0.146874
0.478490 0.145078
0.479225 0.142631
0.479428 0.141946
0.480726 0.137488
0.482695 0.130404
0.483288 0.128188
0.483708 0.126595
0.483961 0.125625
0.484285 0.124371
0.485254 0.120536
0.485925 0.117801
0.487962 0.109054
0.490168 0.098669
0.490303 0.097993
0.492126 0.088386
0.492332 0.087229
0.493446 0.080689
0.494038 0.076985
0.494264 0.075519
0.494314 0.075194
0.494628 0.073094
0.494644 0.072985
0.494714 0.072511
0.495005 0.070501
0.495318 0.068262
0.496984 0.054838
0.497388 0.051040
0.498566 0.037844
0.498911 0.032983
0.498956 0.032297
0.499047 0.030863
0.499321 0.026048
0.499748 0.015867
0.499916 0.009171
0.499976 0.004896
0.499987 0.003626
0.499990 0.003230
0.499984 -0.004048
0.499832 -0.012949
0.499822 -0.013355
0.499768 -0.015217
0.499759 -0.015509
0.499666 -0.018272
0.499094 -0.030087
0.499052 -0.030773
0.498971 -0.032061
0.498937 -0.032593
0.498638 -0.036886
0.498417 -0.039756
0.498328 -0.040851
0.498170 -0.042735
0.497713 -0.047763
0.497403 -0.050893
0.497290 -0.051983
0.497267 -0.052203
0.496146 -0.061965
0.495889 -0.063988
0.495384 -0.067781
0.494057 -0.076862
0.493707 -0.079078
0.491606 -0.091234
0.490420 -0.097408
0.490209 -0.098463
0.489913 -0.099928
0.488194 -0.108013
0.487783 -0.109855
0.487643 -0.110473
0.487343 -0.111789
0.487200 -0.112409
0.487002 -0.113267
0.486979 -0.113366
0.485623 -0.119039
0.485439 -0.119787
0.485303 -0.120337
0.485066 -0.121290
0.483957 -0.125641
0.482973 -0.129373
0.482614 -0.130704
0.482160 -0.132369
0.481174 -0.135909
0.479678 -0.141101
0.479466 -0.141818
0.479096 -0.143062
0.478182 -0.146087
0.477912 -0.146970
0.477650 -0.147819
0.474002 -0.159128
0.473860 -0.159551
0.472632 -0.163154
0.471927 -0.165183
0.471868 -0.165350
0.470019 -0.170536
0.466842 -0.179050
0.466637 -0.179582
0.464619 -0.184740
0.464403 -0.185283
0.461918 -0.191393
0.460710 -0.194285
0.460630 -0.194473
0.459583 -0.196934
0.455783 -0.205577
0.455575 -0.206037
0.451024 -0.215818
0.450994 -0.215880
0.450119 -0.217699
0.443122 -0.231609
0.442474 -0.232845
0.441930 -0.233877
0.441298 -0.235066
0.440412 -0.236722
0.439120 -0.239109
0.434908 -0.246688
0.433678 -0.248844
0.433023 -0.249982
0.430826 -0.253750
0.427053 -0.260049
0.426545 -0.260882
0.422825 -0.266869
0.420982 -0.269767
0.420823 -0.270015
0.420062 -0.271198
0.418787 -0.273162
0.418698 -0.273299
0.416321 -0.276906
0.415657 -0.277901
0.413752 -0.280730
0.409360 -0.287097
0.406152 -0.291618
0.406028 -0.291790
0.404655 -0.293691
0.404638 -0.293715
0.403214 -0.295667
0.402751 -0.296296
0.399789 -0.300281
0.399370 -0.300838
0.398858 -0.301517
0.398080 -0.302544
0.397553 -0.303235
0.394226 -0.307549
0.390767 -0.311931
0.390641 -0.312089
0.388382 -0.314896
0.386778 -0.316864
0.385747 -0.318118
0.383435 -0.320901
0.373541 -0.332366
0.371607 -0.334527
0.370432 -0.335827
0.369759 -0.336568
0.369494 -0.336859
0.367821 -0.338685
0.365915 -0.340744
0.364012 -0.342776
0.363769 -0.343033
0.363678 -0.343131
0.363433 -0.343389
0.363247 -0.343586
0.361498 -0.345426
0.360529 -0.346437
0.359932 -0.347057
0.358999 -0.348023
0.358953 -0.348070
0.358620 -0.348413
0.358429 -0.348609
0.358037 -0.349012
0.357583 -0.349477
0.356967 -0.350107
0.354877 -0.352225
0.353502 -0.353604
0.351907 -0.355192
0.351837 -0.355261
0.351720 -0.355377
0.350855 -0.356231
0.346329 -0.360633
0.343332 -0.363487
0.343224 -0.363589
0.338430 -0.368056
0.337775 -0.368657
0.337512 -0.368898
0.335996 -0.370279
0.334024 -0.372059
0.333470 -0.372556
0.330755 -0.374968
0.329453 -0.376112
0.325298 -0.379712
0.323539 -0.381212
0.321281 -0.383117
0.320184 -0.384034
0.316982 -0.386681
0.314468 -0.388729
0.312246 -0.390515
0.308382 -0.393574
0.307089 -0.394584
0.303042 -0.397701
0.300215 -0.399839
0.297513 -0.401853
0.297483 -0.401875
0.296761 -0.402409
0.295019 -0.403688
0.294134 -0.404333
0.291013 -0.406585
0.289975 -0.407326
0.289951 -0.407343
0.287294 -0.409221
0.286331 -0.409896
0.285457 -0.410505
0.282917 -0.412260
0.279383 -0.414663
0.277684 -0.415802
0.275547 -0.417222
0.275105 -0.417513
0.273611 -0.418494
0.272314 -0.419339
0.272019 -0.419530
0.271587 -0.419810
0.269061 -0.421433
0.268104 -0.422043
0.263539 -0.424908
0.255862 -0.429575
0.251694 -0.432030
0.248815 -0.433695
0.248064 -0.434125
0.242025 -0.437520
0.239404 -0.438960
0.237537 -0.439973
0.234300 -0.441705
0.222028 -0.448000
0.220456 -0.448775
0.220262 -0.448870
0.220061 -0.448969
0.215310 -0.451267
0.207998 -0.454683
0.207453 -0.454932
0.204096 -0.456448
0.200613 -0.457990
0.195906 -0.460022
0.192652 -0.461395
0.187452 -0.463532
0.182158 -0.465638
0.182019 -0.465692
0.181831 -0.465766
0.180479 -0.466291
0.174693 -0.468490
0.174540 -0.468546
0.173331 -0.468995
0.170667 -0.469971
0.165072 -0.471965
0.160678 -0.473479
0.156828 -0.474769
0.152668 -0.476122
0.150501 -0.476812
0.147701 -0.477687
0.147632 -0.477708
0.146101 -0.478178
0.145005 -0.478512
0.142763 -0.479185
0.128692 -0.483155
0.123273 -0.484566
0.118588 -0.485733
0.117062 -0.486103
0.113967 -0.486838
0.112432 -0.487195
0.104240 -0.489013
0.102519 -0.489377
0.099973 -0.489903
0.099369 -0.490026
0.098970 -0.490107
0.091181 -0.491616
0.086342 -0.492489
0.081019 -0.493392
0.079429 -0.493651
0.076651 -0.494090
0.076498 -0.494113
0.071018 -0.494931
0.069147 -0.495196
0.065297 -0.495718
0.060293 -0.496351
0.053572 -0.497122
0.051324 -0.497359
0.047461 -0.497742
0.046633 -0.497821
0.038759 -0.498495
0.017516 -0.499693
0.016409 -0.499731
0.012722 -0.499838
0.011575 -0.499866
0.010471 -0.499890
0.010412 -0.499892
0.010091 -0.499898
0.009310 -0.499913
0.008625 -0.499926
0.006089 -0.499963
-0.001684 -0.499997
-0.005702 -0.499967
-0.007149 -0.499949
-0.007981 -0.499936
-0.012722 -0.499838
-0.017529 -0.499693
-0.020050 -0.499598
-0.022885 -0.499476
-0.027439 -0.499247
-0.033049 -0.498907
-0.036506 -0.498666
-0.036836 -0.498641
-0.038510 -0.498515
-0.039083 -0.498470
-0.039233 -0.498458
-0.040398 -0.498365
-0.041491 -0.498275
-0.042904 -0.498156
-0.050159 -0.497478
-0.056961 -0.496745
-0.070962 -0.494939
-0.075604 -0.494251
-0.081087 -0.493381
-0.086615 -0.492441
-0.087477 -0.492288
-0.091650 -0.491528
-0.091725 -0.491514
-0.096418 -0.490616
-0.098416 -0.490219
-0.100906 -0.489712
-0.103923 -0.489081
-0.117072 -0.486101
-0.117321 -0.486041
-0.118130 -0.485845
-0.119061 -0.485618
-0.120537 -0.485253
-0.123246 -0.484572
-0.126863 -0.483638
-0.128081 -0.483317
-0.129316 -0.482988
-0.134614 -0.481538
-0.140258 -0.479925
-0.140536 -0.479843
-0.151242 -0.476577
-0.157472 -0.474555
-0.164926 -0.472016
-0.170751 -0.469941
-0.172147 -0.469431
-0.173650 -0.468877
-0.175245 -0.468283
-0.176452 -0.467830
-0.179657 -0.466608
-0.184347 -0.464775
-0.189969 -0.462506
-0.194953 -0.460427
-0.201668 -0.457526
-0.212062 -0.452802
-0.212382 -0.452652
-0.213832 -0.451969
-0.214920 -0.451453
-0.217915 -0.450015
-0.218828 -0.449571
-0.222486 -0.447772
-0.223126 -0.447454
-0.223292 -0.447371
-0.223884 -0.447075
-0.224298 -0.446867
-0.227275 -0.445361
-0.230214 -0.443848
-0.230766 -0.443562
-0.241824 -0.437632
-0.243342 -0.436789
-0.244493 -0.436146
-0.249391 -0.433364
-0.249771 -0.433145
-0.251925 -0.431896
-0.258783 -0.427821
-0.259129 -0.427612
-0.260604 -0.426715
-0.262372 -0.425630
-0.263246 -0.425090
-0.264545 -0.424283
-0.264982 -0.424010
-0.269970 -0.420852
-0.271749 -0.419705
-0.272270 -0.419368
-0.272304 -0.419346
-0.274796 -0.417717
-0.282293 -0.412687
-0.282345 -0.412651
-0.283663 -0.411747
-0.287819 -0.408852
-0.291663 -0.406119
-0.293469 -0.404816
-0.294008 -0.404425
-0.295209 -0.403548
-0.295788 -0.403125
-0.298032 -0.401469
-0.300529 -0.399602
-0.300789 -0.399407
-0.301541 -0.398840
-0.302290 -0.398272
-0.305110 -0.396116
-0.305864 -0.395534
-0.306833 -0.394783
-0.307041 -0.394621
-0.308718 -0.393310
-0.310492 -0.391912
-0.313335 -0.389643
-0.318761 -0.385216
-0.319148 -0.384895
-0.324991 -0.379974
-0.325011 -0.379957
-0.326378 -0.378784
-0.328842 -0.376647
-0.329426 -0.376136
-0.336096 -0.370188
-0.336567 -0.369760
-0.339551 -0.367022
-0.343619 -0.363216
-0.347003 -0.359984
-0.347984 -0.359036
-0.350435 -0.356645
-0.350875 -0.356212
-0.352626 -0.354478
-0.352792 -0.354313
-0.353157 -0.353949
-0.353341 -0.353766
-0.354288 -0.352817
-0.355409 -0.351688
-0.357089 -0.349982
-0.359040 -0.347980
-0.359986 -0.347002
-0.360850 -0.346103
-0.365108 -0.341608
-0.366601 -0.340006
-0.367124 -0.339440
-0.367866 -0.338636
-0.367898 -0.338602
-0.370961 -0.335243
-0.371219 -0.334957
-0.372516 -0.333515
-0.374408 -0.331389
-0.376277 -0.329266
-0.378396 -0.326828
-0.382494 -0.322023
-0.383698 -0.320587
-0.385028 -0.318988
-0.385063 -0.318946
-0.385351 -0.318598
-0.385554 -0.318352
-0.386190 -0.317580
-0.388507 -0.314742
-0.389587 -0.313404
-0.389725 -0.313233
-0.390977 -0.311668
-0.398052 -0.302579
-0.398864 -0.301509
-0.399003 -0.301325
-0.400485 -0.299353
-0.404198 -0.294320
-0.404831 -0.293448
-0.405644 -0.292323
-0.406064 -0.291740
-0.408130 -0.288842
-0.409451 -0.286967
-0.416687 -0.276354
-0.416693 -0.276346
-0.419993 -0.271304
-0.420140 -0.271077
-0.421278 -0.269304
-0.421354 -0.269186
-0.422395 -0.267548
-0.422942 -0.266683
-0.424950 -0.263473
-0.427572 -0.259196
-0.430676 -0.254004
-0.432555 -0.250792
-0.433428 -0.249280
-0.435367 -0.245877
-0.436824 -0.243279
-0.437281 -0.242457
-0.438777 -0.239740
-0.439448 -0.238507
-0.441809 -0.234105
-0.441993 -0.233757
-0.442348 -0.233083
-0.443783 -0.230340
-0.443791 -0.230325
-0.444563 -0.228832
-0.446235 -0.225553
-0.448314 -0.221393
-0.449137 -0.219718
-0.450307 -0.217309
-0.454335 -0.208757
-0.458727 -0.198920
-0.459695 -0.196673
-0.460935 -0.193749
-0.462405 -0.190214
-0.466231 -0.180633
-0.469653 -0.171540
-0.469883 -0.170910
-0.471820 -0.165487
-0.471856 -0.165384
-0.472359 -0.163941
-0.472810 -0.162635
-0.472903 -0.162365
-0.476167 -0.152527
-0.477084 -0.149635
-0.479072 -0.143144
-0.479160 -0.142848
-0.480229 -0.139214
-0.481416 -0.135049
-0.481732 -0.133919
-0.482207 -0.132199
-0.482510 -0.131088
-0.484713 -0.122693
-0.484731 -0.122622
-0.486737 -0.114399
-0.486826 -0.114021
-0.487450 -0.111322
-0.488147 -0.108226
-0.490354 -0.097739
-0.490736 -0.095804
-0.490940 -0.094752
-0.493386 -0.081059
-0.493603 -0.079728
-0.495212 -0.069029
-0.495344 -0.068078
-0.495449 -0.067310
-0.495464 -0.067198
-0.495684 -0.065556
-0.495814 -0.064564
-0.495959 -0.063444
-0.496463 -0.059368
-0.497304 -0.051850
-0.497643 -0.048492
-0.497770 -0.047175
-0.498087 -0.043691
-0.498548 -0.038082
-0.499088 -0.030191
-0.499126 -0.029545
-0.499287 -0.026700
-0.499404 -0.024405
-0.499549 -0.021235
-0.499865 -0.011604
-0.499984 0.003968
