box100k.in
2
32
-0.499996 -0.427778
-0.499969 0.013488
-0.499958 0.204444
-0.499958 0.208216
-0.499823 0.480000
-0.496073 0.498997
-0.479949 0.499821
-0.453888 0.499853
-0.423782 0.499889
-0.390938 0.499919
-0.274023 0.499985
-0.001398 0.500000
0.394925 0.499945
0.474653 0.499882
0.488160 0.499832
0.496668 0.498798
0.499167 0.498062
0.499819 0.456708
0.499871 0.333951
0.499973 0.054007
0.499973 0.040350
0.499950 -0.347353
0.499943 -0.455717
0.499882 -0.484259
0.498751 -0.499816
0.424793 -0.499974
-0.051258 -0.499989
-0.366841 -0.499997
-0.473939 -0.499944
-0.493991 -0.499750
-0.499881 -0.497811
-0.499996 -0.427778
