ace.in
2
145
1.000000 320.000000
2.000000 331.000000
3.000000 339.000000
4.000000 346.000000
5.000000 351.000000
6.000000 356.000000
7.000000 360.000000
8.000000 364.000000
9.000000 368.000000
10.000000 372.000000
11.000000 375.000000
12.000000 378.000000
13.000000 381.000000
14.000000 384.000000
15.000000 387.000000
16.000000 390.000000
17.000000 393.000000
19.000000 398.000000
21.000000 403.000000
24.000000 410.000000
25.000000 412.000000
26.000000 414.000000
27.000000 416.000000
28.000000 418.000000
29.000000 420.000000
30.000000 422.000000
31.000000 424.000000
32.000000 426.000000
33.000000 428.000000
34.000000 430.000000
35.000000 432.000000
36.000000 434.000000
37.000000 436.000000
41.000000 443.000000
44.000000 448.000000
47.000000 453.000000
54.000000 464.000000
56.000000 467.000000
63.000000 477.000000
68.000000 484.000000
71.000000 488.000000
74.000000 492.000000
77.000000 496.000000
81.000000 501.000000
85.000000 506.000000
89.000000 511.000000
95.000000 518.000000
101.000000 525.000000
108.000000 533.000000
117.000000 543.000000
137.000000 564.000000
438.000000 874.000000
740.000000 563.000000
758.000000 544.000000
768.000000 533.000000
775.000000 525.000000
781.000000 518.000000
786.000000 512.000000
791.000000 506.000000
795.000000 501.000000
802.000000 492.000000
805.000000 488.000000
808.000000 484.000000
813.000000 477.000000
820.000000 467.000000
822.000000 464.000000
829.000000 453.000000
832.000000 448.000000
835.000000 443.000000
839.000000 436.000000
840.000000 434.000000
841.000000 432.000000
842.000000 430.000000
843.000000 428.000000
844.000000 426.000000
845.000000 424.000000
846.000000 422.000000
847.000000 420.000000
848.000000 418.000000
849.000000 416.000000
850.000000 414.000000
851.000000 412.000000
852.000000 410.000000
855.000000 403.000000
857.000000 398.000000
859.000000 393.000000
860.000000 390.000000
861.000000 387.000000
862.000000 384.000000
863.000000 381.000000
864.000000 378.000000
865.000000 375.000000
866.000000 372.000000
867.000000 368.000000
868.000000 364.000000
869.000000 360.000000
870.000000 356.000000
871.000000 351.000000
872.000000 345.000000
873.000000 339.000000
874.000000 331.000000
875.000000 320.000000
875.000000 319.000000
875.000000 318.000000
875.000000 317.000000
875.000000 316.000000
875.000000 315.000000
875.000000 314.000000
875.000000 313.000000
875.000000 312.000000
875.000000 311.000000
875.000000 310.000000
875.000000 309.000000
875.000000 308.000000
875.000000 307.000000
875.000000 306.000000
875.000000 305.000000
875.000000 304.000000
875.000000 303.000000
875.000000 302.000000
875.000000 301.000000
875.000000 300.000000
875.000000 299.000000
875.000000 298.000000
875.000000 297.000000
875.000000 296.000000
874.000000 285.000000
873.000000 278.000000
872.000000 273.000000
869.000000 261.000000
867.000000 254.000000
866.000000 251.000000
863.000000 243.000000
860.000000 236.000000
689.000000 -154.000000
187.000000 -154.000000
16.000000 236.000000
13.000000 243.000000
10.000000 251.000000
8.000000 257.000000
4.000000 273.000000
3.000000 278.000000
2.000000 285.000000
1.000000 295.000000
1.000000 320.000000
